4 0.389251 0.633765 0.0270335 0.0374966
3 0.422206 0.61658 0.0311573 0.048889
3 0.299959 0.732708 0.0306248 0.0557532
3 0.309479 0.922591 0.036297 0.0592628
3 0.301472 0.777466 0.0306309 0.0567161
4 0.696116 0.728613 0.0269564 0.0542572
3 0.306269 0.867606 0.0333057 0.0572628
3 0.559519 0.935689 0.0348961 0.0454889
3 0.521028 0.974406 0.0346242 0.050857
3 0.29546 0.649182 0.0290183 0.053092
3 0.394047 0.505121 0.0318179 0.0347957
3 0.287245 0.467323 0.0223195 0.0592158
4 0.664505 0.724921 0.026172 0.0522048
3 0.527282 0.913056 0.0302043 0.0598276
3 0.453034 0.0589671 0.0266233 0.0390775
3 0.272231 0.153151 0.0155161 0.0522655
3 0.591541 0.575689 0.0163808 0.0585775
4 0.552504 0.804743 0.027153 0.050138
3 0.457536 0.520174 0.0186012 0.0551914
3 0.539197 0.568944 0.0230976 0.0534982
5 0.395794 0.585465 0.0446562 0.0394393
3 0.300692 0.686157 0.0295179 0.0579834
3 0.637809 0.726542 0.029446 0.0567195
3 0.341629 0.681342 0.0177708 0.0658644
4 0.464377 0.441736 0.0162975 0.0454047
3 0.386627 0.439529 0.0332721 0.0339505
3 0.578795 0.741818 0.0343058 0.0294234
3 0.41724 0.453871 0.0162588 0.0544415
4 0.757443 0.730397 0.0272198 0.0539914
3 0.473411 0.370206 0.026038 0.0432476
3 0.355889 0.592491 0.0192458 0.0493915
3 0.356345 0.409617 0.0159121 0.0544305
3 0.437418 0.456306 0.0155733 0.0519469
3 0.521743 0.87561 0.030381 0.0525506
3 0.391773 0.540721 0.0320968 0.034466
3 0.329558 0.434494 0.0150345 0.0563722
3 0.328474 0.561076 0.015656 0.0585611
3 0.302474 0.827931 0.0324661 0.0554308
3 0.958844 0.710148 0.0309856 0.0538751
3 0.315116 0.291703 0.0156122 0.051965
4 0.652815 0.583184 0.0214839 0.0673436
3 0.46943 0.239534 0.0270626 0.0414535
3 0.359123 0.343992 0.016132 0.0572754
3 0.473024 0.909615 0.0182926 0.0731871
3 0.280523 0.320919 0.0154927 0.0546179
3 0.385859 0.471708 0.0311774 0.035748
3 0.773174 0.568336 0.0206025 0.0557512
3 0.306015 0.20949 0.0157947 0.0525102
3 0.612185 0.728888 0.0268222 0.0480996
3 0.48167 0.756878 0.0144147 0.0594691
3 0.353433 0.275848 0.0136221 0.04694
3 0.289944 0.529685 0.0236095 0.0473762
3 0.557467 0.591728 0.0147311 0.0528446
3 0.45562 0.670695 0.0162393 0.0553857
3 0.871131 0.553524 0.0168514 0.0499409
3 0.28243 0.379793 0.0158781 0.0554613
3 0.319073 0.126668 0.0154486 0.053175
4 0.910756 0.547847 0.0221252 0.0586427
3 0.420192 0.232857 0.0149814 0.0483347
3 0.451621 0.328953 0.0172261 0.0572471
3 0.466079 0.204584 0.0258272 0.0377671
3 0.888223 0.919491 0.0191124 0.0630082
3 0.86468 0.714465 0.0293373 0.0503941
3 0.458755 0.753247 0.0157823 0.0633943
3 0.609049 0.56996 0.015777 0.0554329
3 0.363611 0.938004 0.0184829 0.0615555
3 0.279811 0.265372 0.0143676 0.0526218
3 0.32593 0.206169 0.0139867 0.0470366
4 0.46743 0.276884 0.0264717 0.0409156
3 0.448808 0.031416 0.0256184 0.0378574
3 0.3025 0.343855 0.0154857 0.0469723
3 0.409111 0.387427 0.0166649 0.0563799
3 0.415425 0.860184 0.0317883 0.0293613
3 0.456969 0.172689 0.026104 0.0442273
4 0.294749 0.599189 0.0280468 0.0539309
3 0.48023 0.313187 0.0165033 0.0517646
3 0.401734 0.31798 0.0139574 0.0501685
3 0.62756 0.575202 0.015298 0.0580384
3 0.482689 0.627031 0.0148037 0.0512765
3 0.415914 0.779297 0.0348806 0.0290693
3 0.352002 0.200606 0.0144935 0.0510632
3 0.519271 0.828318 0.0262632 0.0436693
3 0.275235 0.214154 0.0148117 0.0503129
3 0.462303 0.0969247 0.0151748 0.0480035
4 0.78064 0.706817 0.0327476 0.0273977
3 0.387765 0.0858719 0.0131763 0.0469471
3 0.332735 0.296022 0.0153037 0.0514693
3 0.987356 0.593539 0.0252886 0.0283259
4 0.85161 0.564298 0.0165089 0.0460683
3 0.414379 0.818476 0.0335336 0.0339852
3 0.822733 0.55684 0.0163343 0.0595439
4 0.934625 0.596496 0.0327187 0.0266592
4 0.575816 0.598995 0.0145387 0.0541102
3 0.510378 0.368111 0.0151337 0.0470396
3 0.415524 0.116611 0.0131235 0.040836
4 0.401615 0.251673 0.0137449 0.0442461
3 0.382689 0.0137384 0.0134623 0.0274768
3 0.990596 0.700818 0.0188089 0.0539659
4 0.427315 0.345272 0.0138963 0.0473215
3 0.985386 0.715382 0.0277332 0.051241
4 0.892356 0.576773 0.0182108 0.0548655
3 0.413513 0.906748 0.0360974 0.0530507
9 0.301356 0.543915 0.00622743 0.0224443
4 0.674355 0.596069 0.0152037 0.0541884
4 0.974792 0.547126 0.019338 0.0485532
4 0.930707 0.705435 0.0252518 0.0543497
9 0.508406 0.71879 0.00582867 0.0236508
9 0.481645 0.394878 0.00970504 0.0195343
9 0.527561 0.505727 0.00493164 0.0193899
0 0.390652 0.886431 0.00508957 0.0133555
4 0.885487 0.708314 0.0259628 0.0425242
3 0.906243 0.701977 0.0313674 0.0579387
4 0.906501 0.701291 0.0315033 0.0564212
