0 0.308926 0.891489 0.0261212 0.0977386
0 0.155674 0.613544 0.0221507 0.0738325
0 0.0725676 0.666745 0.0259933 0.0799956
0 0.0931141 0.685919 0.0304691 0.0923503
0 0.0511896 0.681281 0.0289748 0.0867476
0 0.134151 0.627078 0.0240351 0.0791977
0 0.793972 0.472141 0.0262662 0.0676965
0 0.0868216 0.816479 0.0384974 0.100735
0 0.321247 0.466614 0.0179118 0.0624088
0 0.383793 0.672779 0.0206339 0.0868765
0 0.217707 0.551216 0.0225872 0.0815718
0 0.439181 0.71108 0.021669 0.0855659
0 0.917368 0.750456 0.035108 0.0825399
0 0.152692 0.444253 0.015016 0.0492489
0 0.0485679 0.44953 0.0207818 0.0641457
0 0.174125 0.895836 0.0246686 0.0987983
0 0.539381 0.622447 0.0170553 0.0688128
0 0.490867 0.532928 0.0160677 0.0722047
2 0.350342 0.536085 0.0344047 0.0643958
2 0.1877 0.757568 0.0413375 0.0873618
0 0.427234 0.554342 0.0127501 0.0759975
9 0.288094 0.584655 0.0257591 0.0743122
0 0.257493 0.531179 0.0205777 0.0796773
0 0.11922 0.640353 0.0237144 0.0766786
0 0.173857 0.409469 0.0153012 0.0556679
0 0.378402 0.70707 0.0175909 0.0884658
0 0.272235 0.477997 0.0218554 0.0674371
0 0.0876611 0.481249 0.0224168 0.0683598
0 0.28302 0.458725 0.0176083 0.0651967
0 0.884258 0.511618 0.0226715 0.0696782
0 0.198214 0.64593 0.0224318 0.083328
0 0.40093 0.469362 0.0170531 0.0623442
0 0.324825 0.422267 0.0126866 0.060581
0 0.564673 0.542135 0.0134091 0.0725113
0 0.0383227 0.470137 0.0221375 0.0633169
0 0.712823 0.682339 0.0268049 0.0822118
0 0.131857 0.742503 0.0313782 0.09654
0 0.307837 0.455925 0.0151103 0.0638734
0 0.353249 0.326793 0.0111616 0.0503187
0 0.210426 0.440419 0.0172118 0.0679189
0 0.513349 0.197754 0.00845604 0.0411335
0 0.235532 0.553386 0.0168194 0.0766029
0 0.463619 0.651722 0.0208457 0.0856262
0 0.107007 0.239584 0.0121613 0.0448906
0 0.368302 0.483206 0.0146323 0.0693119
0 0.220374 0.275913 0.0118502 0.0464574
0 0.61237 0.345046 0.0130755 0.053224
0 0.176037 0.586067 0.0200719 0.0782653
0 0.19691 0.947654 0.0320171 0.0960185
0 0.272658 0.361431 0.0134455 0.0557178
0 0.630622 0.201497 0.00805512 0.0349907
0 0.113572 0.296695 0.0174509 0.0523335
0 0.844084 0.317301 0.0140011 0.0544549
0 0.351666 0.404843 0.0121449 0.0554959
0 0.450585 0.55107 0.0132126 0.0726563
0 0.737156 0.756325 0.0247566 0.0791459
0 0.370438 0.218518 0.00894518 0.0395282
0 0.397259 0.344181 0.0103159 0.0514499
0 0.606084 0.296472 0.0106632 0.0470681
0 0.237536 0.425348 0.0131024 0.0606769
0 0.142076 0.807435 0.0237627 0.0924672
0 0.229026 0.330819 0.0120394 0.0548106
0 0.203705 0.575517 0.0203265 0.0750283
0 0.35038 0.692428 0.0177934 0.0819032
0 0.183133 0.30637 0.0127867 0.0530445
0 0.235603 0.721603 0.0284217 0.0770698
0 0.451728 0.677333 0.0157829 0.0903013
0 0.443695 0.240427 0.011693 0.0476356
0 0.29726 0.352896 0.0142923 0.0594106
0 0.425963 0.2721 0.0111462 0.0483164
0 0.187564 0.552738 0.0175322 0.0750938
0 0.784867 0.346446 0.0146338 0.0550876
0 0.267667 0.422499 0.0159674 0.060301
0 0.593538 0.550121 0.0151381 0.0740914
0 0.383601 0.271262 0.0100396 0.0445017
0 0.801343 0.26314 0.0146034 0.0465069
0 0.732614 0.356778 0.0143112 0.0491285
0 0.501427 0.462546 0.0170952 0.0660946
0 0.376582 0.418235 0.0146303 0.059606
0 0.514891 0.612328 0.0152338 0.0743885
0 0.616871 0.384537 0.0119153 0.0559443
0 0.784639 0.271938 0.0118071 0.0495694
0 0.982167 0.55337 0.0295853 0.0722717
0 0.371045 0.340206 0.0110035 0.0541841
0 0.0854616 0.280827 0.0171031 0.0503468
0 0.754129 0.409348 0.0207768 0.0587928
0 0.413415 0.392823 0.0138255 0.0611942
0 0.683614 0.291817 0.00976741 0.0471856
2 0.487119 0.604107 0.0394114 0.064426
0 0.218046 0.646144 0.0203814 0.0946235
0 0.739246 0.216948 0.00954876 0.0454321
0 0.252337 0.303966 0.0123849 0.0524291
1 0.0245225 0.331278 0.0172507 0.0371831
0 0.890812 0.19467 0.0107096 0.0375704
0 0.706685 0.183864 0.0107475 0.0369592
0 0.385478 0.308542 0.0110337 0.0528037
0 0.895395 0.444688 0.0219124 0.0691823
0 0.522586 0.519347 0.0111285 0.0716533
0 0.509433 0.533603 0.0139343 0.0708367
0 0.440021 0.435513 0.0114929 0.0572457
0 0.551717 0.507401 0.0121738 0.0642054
0 0.520829 0.447503 0.0131837 0.0668881
0 0.227067 0.428654 0.0158553 0.0609723
0 0.536929 0.382666 0.0107521 0.061929
0 0.332968 0.123084 0.00763989 0.0301595
0 0.351434 0.443611 0.0145455 0.0553972
0 0.711694 0.382512 0.0134171 0.0562605
0 0.593196 0.191175 0.0115217 0.0365974
0 0.34651 0.720945 0.0189158 0.0984765
0 0.664543 0.211422 0.010631 0.0421644
0 0.564228 0.493942 0.0114441 0.0646474
0 0.623432 0.279296 0.0106009 0.0467244
0 0.592797 0.257833 0.00888405 0.043294
0 0.135329 0.323152 0.00965958 0.0409359
0 0.531728 0.440284 0.0111021 0.0648124
0 0.29362 0.19461 0.0103261 0.0351222
0 0.957387 0.301766 0.019025 0.0532666
0 0.520585 0.640915 0.0154354 0.0711317
0 0.320852 0.127239 0.00851034 0.0365519
0 0.121849 0.236509 0.0112824 0.0466337
0 0.363875 0.433053 0.0119568 0.0534254
0 0.360364 0.220008 0.00838474 0.0420531
0 0.654262 0.409868 0.0106274 0.0579948
0 0.394938 0.408679 0.012454 0.0591287
0 0.313799 0.456245 0.00708396 0.0623222
0 0.688267 0.199604 0.00864118 0.0389867
0 0.501922 0.327522 0.0126261 0.0567307
0 0.732141 0.21752 0.0090332 0.0411372
0 0.461347 0.532971 0.0154381 0.0651658
0 0.534711 0.520383 0.0118417 0.067022
0 0.807333 0.315138 0.0121681 0.0480451
0 0.430256 0.434301 0.00961914 0.0578184
0 0.753272 0.251679 0.0100471 0.0458169
0 0.583413 0.398982 0.0116646 0.0566193
0 0.75841 0.326859 0.0164279 0.0510893
0 0.768177 0.378464 0.0137479 0.059146
0 0.220538 0.402536 0.0129592 0.047631
0 0.787501 0.228934 0.00914631 0.0445179
0 0.411277 0.167148 0.00762301 0.041525
0 0.439923 0.535398 0.0155821 0.0638341
0 0.7644 0.222847 0.00999794 0.0408034
0 0.570701 0.47647 0.0135638 0.0781542
0 0.607978 0.473185 0.0115366 0.0589817
0 0.689619 0.37435 0.0117191 0.055658
0 0.597944 0.494098 0.0120314 0.0577927
1 0.382457 0.18018 0.00792456 0.0286858
0 0.0107711 0.71958 0.0215422 0.0756336
0 0.415348 0.318643 0.0096007 0.053756
1 0.392754 0.179821 0.00759525 0.0225022
0 0.58535 0.45154 0.0118225 0.0614501
0 0.342186 0.298069 0.00970726 0.0458424
0 0.643328 0.31799 0.0115082 0.0501814
0 0.411427 0.344193 0.0107445 0.0508357
0 0.313647 0.286208 0.0121666 0.0449544
0 0.644779 0.411388 0.0118973 0.0584318
0 0.371415 0.396312 0.0112961 0.0494902
0 0.0126853 0.928172 0.0252305 0.114695
0 0.652365 0.320351 0.0103348 0.0498513
0 0.525077 0.594599 0.0137722 0.0680429
0 0.660681 0.311633 0.01068 0.0507751
0 0.758069 0.268917 0.012092 0.0469119
0 0.695113 0.333129 0.00992107 0.0508831
0 0.434298 0.114025 0.00822182 0.0365142
0 0.368541 0.120749 0.00792538 0.034897
1 0.400962 0.178401 0.00701046 0.0229643
0 0.10407 0.301755 0.015403 0.0492613
0 0.130399 0.308742 0.0118715 0.0464071
0 0.74001 0.279806 0.0139795 0.0466697
0 0.542787 0.465521 0.0122732 0.0601139
