3 0.435364 0.77633 0.104096 0.150202
3 0.592892 0.550075 0.0716389 0.101384
3 0.744086 0.493292 0.0633161 0.0770797
3 0.720581 0.395385 0.0572082 0.0689939
3 0.474858 0.452917 0.0734728 0.0878637
3 0.600288 0.340118 0.0571942 0.0650514
3 0.608306 0.274865 0.0479551 0.0543524
3 0.702459 0.194074 0.0396399 0.0510644
3 0.817662 0.445739 0.0559541 0.0683436
3 0.742035 0.287366 0.0441372 0.0541483
3 0.827769 0.519533 0.069116 0.0807931
3 0.63098 0.39537 0.0671021 0.0859971
3 0.469312 0.200213 0.0508011 0.0458403
3 0.79139 0.30633 0.0457452 0.0535187
3 0.856491 0.414009 0.0753282 0.0621069
4 0.662286 0.280069 0.0463604 0.0693574
3 0.885679 0.195797 0.0318373 0.0447302
3 0.43536 0.392471 0.0756979 0.0929723
4 0.824152 0.118271 0.0304291 0.0469104
4 0.543789 0.382202 0.0573515 0.0833867
3 0.287395 0.958154 0.12512 0.0836931
3 0.96256 0.358189 0.0748808 0.0646632
3 0.701399 0.251534 0.0401855 0.0551614
4 0.959179 0.185163 0.0503254 0.0578339
3 0.767996 0.0800755 0.0314511 0.0307649
3 0.546615 0.165269 0.0465809 0.0387416
4 0.619304 0.158677 0.0382469 0.0464147
3 0.768588 0.187811 0.0400075 0.0522063
3 0.60731 0.136304 0.0381626 0.0359014
3 0.662712 0.101402 0.0366727 0.0340056
3 0.922769 0.295254 0.0615189 0.0514727
3 0.360347 0.696264 0.127057 0.160754
4 0.612259 0.115097 0.0346581 0.0404353
3 0.795084 0.0589057 0.0299228 0.0283981
3 0.864314 0.318549 0.0554435 0.045321
3 0.878123 0.359163 0.0720184 0.0550562
3 0.94174 0.0867775 0.0240457 0.0285747
3 0.972148 0.237815 0.0557047 0.0487589
3 0.967367 0.262683 0.0630266 0.0494386
6 0.811426 0.567664 0.0589684 0.0550725
3 0.697115 0.124958 0.0295269 0.0359881
0 0.717588 0.740669 0.0205528 0.072701
3 0.87025 0.385171 0.0697842 0.0596143
9 0.260541 0.479018 0.0306995 0.046817
0 0.833138 0.964204 0.0226939 0.071592
3 0.886378 0.0567199 0.0238331 0.0306518
3 0.766618 0.040034 0.0373448 0.0253339
4 0.722369 0.0703202 0.044093 0.0346992
0 0.406647 0.58345 0.0134203 0.0580046
0 0.189593 0.424525 0.011326 0.0538352
4 0.985597 0.136478 0.0287055 0.038586
0 0.783248 0.436792 0.013197 0.05024
0 0.453495 0.264345 0.0107618 0.0393271
7 0.734175 0.215224 0.0305708 0.0451539
9 0.30258 0.30839 0.0211632 0.0403409
3 0.869404 0.155619 0.0334839 0.0437497
3 0.637978 0.109799 0.0337441 0.0310092
3 0.804998 0.0275475 0.0340281 0.0235496
4 0.968928 0.29597 0.0603371 0.0606695
0 0.262842 0.733104 0.0147031 0.0717261
3 0.962944 0.32958 0.0729715 0.0587021
9 0.361474 0.28472 0.0197902 0.0343701
9 0.16565 0.338635 0.0138946 0.0420476
3 0.937919 0.019958 0.0156452 0.0195372
0 0.77083 0.76722 0.0162294 0.0683265
4 0.82023 0.0415859 0.0223923 0.0294936
3 0.0131705 0.411435 0.0263409 0.0745226
4 0.973751 0.15448 0.0326611 0.0427863
9 0.272889 0.375433 0.0146954 0.0394374
3 0.738256 0.0601074 0.0374001 0.0276661
9 0.258173 0.385726 0.0147419 0.0377248
9 0.244903 0.437046 0.0291923 0.0372911
6 0.578161 0.207316 0.0175529 0.0377808
0 0.927598 0.167979 0.00983626 0.0330065
0 0.820915 0.947723 0.0208435 0.0690701
3 0.941237 0.0062264 0.0119988 0.0124528
0 0.270965 0.73747 0.0119144 0.0593046
0 0.74897 0.715262 0.0169191 0.0639706
0 0.684614 0.828038 0.0258494 0.0697349
0 0.208712 0.431777 0.011072 0.0486278
0 0.80122 0.837465 0.0165272 0.072585
4 0.099965 0.946596 0.190566 0.106808
9 0.253166 0.330476 0.0194249 0.0344654
3 0.881908 0.0069077 0.017232 0.0130355
0 0.647639 0.575721 0.0160236 0.0615626
0 0.879126 0.929172 0.0243297 0.0788228
0 0.820671 0.768701 0.0213635 0.0751542
1 0.239687 0.425553 0.0137308 0.0447474
4 0.833519 0.0335274 0.0220293 0.0289697
3 0.74728 0.67524 0.111931 0.120678
3 0.0141685 0.845759 0.0283371 0.17095
1 0.25942 0.467439 0.0151027 0.0518397
0 0.684125 0.640639 0.0140312 0.0598907
