3 0.426907 0.689961 0.0422272 0.12727
3 0.439034 0.9383 0.063763 0.122622
6 0.41045 0.465136 0.0476261 0.048798
3 0.44062 0.419886 0.0331635 0.070575
3 0.402656 0.568218 0.0358248 0.0992195
3 0.878923 0.600206 0.0537016 0.10258
3 0.78982 0.382893 0.0501358 0.0513053
3 0.427368 0.232499 0.0347645 0.0453245
3 0.542432 0.427841 0.0315833 0.0795938
3 0.690645 0.169526 0.0451847 0.0377813
3 0.823624 0.456722 0.0524907 0.0587203
3 0.956728 0.646763 0.0865451 0.0703257
3 0.816673 0.412678 0.0565792 0.0565304
3 0.727923 0.223422 0.0431871 0.0509788
3 0.756389 0.356086 0.0393369 0.059013
3 0.684747 0.250603 0.0310888 0.0455182
3 0.972856 0.949675 0.0542872 0.10065
3 0.975142 0.707521 0.0492008 0.0747215
3 0.431388 0.14574 0.0305611 0.0383085
6 0.405405 0.400314 0.0164897 0.0445958
3 0.624265 0.168383 0.0227673 0.0358818
3 0.426295 0.267627 0.0238066 0.0543548
3 0.724168 0.268641 0.0317066 0.0430005
3 0.957218 0.596338 0.0855638 0.0751466
3 0.422005 0.318143 0.0385624 0.0551932
3 0.445423 0.105703 0.0200164 0.0345074
3 0.703945 0.22927 0.0289228 0.0507179
0 0.803498 0.516821 0.012631 0.0455488
0 0.459404 0.799758 0.0123699 0.0593106
3 0.673013 0.139075 0.0363031 0.0359843
3 0.440653 0.0884551 0.0255453 0.0302988
4 0.857403 0.513949 0.0698086 0.0666727
3 0.563554 0.0245315 0.016004 0.0284216
3 0.62866 0.0556199 0.0169338 0.0265508
3 0.745777 0.299455 0.0441984 0.0519673
3 0.709043 0.141028 0.0265985 0.035347
3 0.67202 0.114365 0.0358547 0.0296645
0 0.0746179 0.434525 0.011122 0.048656
9 0.236577 0.437816 0.023504 0.0371069
3 0.755699 0.223118 0.0399838 0.0509464
3 0.626995 0.0356305 0.0301668 0.0234545
1 0.453378 0.51381 0.0115733 0.0448363
0 0.0789504 0.148093 0.00795229 0.0340422
3 0.743966 0.416489 0.0385649 0.0665535
0 0.378435 0.0738891 0.00528659 0.0258024
0 0.096916 0.434135 0.0123071 0.0401544
4 0.656192 0.0975464 0.0259184 0.033672
0 0.0733581 0.147429 0.00702854 0.032732
0 0.0819222 0.429132 0.0111465 0.0499812
6 0.385231 0.828125 0.0727455 0.119983
0 0.96442 0.553397 0.0143377 0.047911
4 0.450456 0.0563374 0.0152797 0.0356262
3 0.658641 0.0713581 0.0327398 0.0263075
3 0.438554 0.184349 0.0403525 0.0502744
0 0.327156 0.0572278 0.00530743 0.024274
0 0.0354362 0.211604 0.00844374 0.0330636
1 0.687416 0.310602 0.00974045 0.0318978
0 0.784718 0.286909 0.00846279 0.0337468
7 0.420324 0.353924 0.019579 0.0538506
0 0.447024 0.806019 0.0144047 0.0620613
9 0.382575 0.672684 0.0151797 0.058934
1 0.465812 0.244988 0.00706051 0.0295352
9 0.193142 0.926718 0.0435374 0.0677473
0 0.151946 0.129482 0.0075849 0.0334597
9 0.466053 0.254045 0.00695841 0.0297965
3 0.441494 0.0134735 0.0262491 0.0246708
2 0.452707 0.524746 0.0109547 0.0408646
0 0.331553 0.0538403 0.00535355 0.0245787
0 0.448344 0.790356 0.0133139 0.0573316
