3 0.640389 0.859657 0.0708278 0.135167
3 0.442277 0.590541 0.0469106 0.0865356
3 0.344625 0.480368 0.0929066 0.059777
3 0.419764 0.489889 0.0375526 0.0623652
4 0.250446 0.524079 0.0555942 0.118189
3 0.629893 0.723741 0.0673662 0.1045
4 0.348978 0.407474 0.0299741 0.0677125
3 0.419904 0.356599 0.0245436 0.0387262
3 0.431197 0.268869 0.0185436 0.0291702
3 0.372811 0.248925 0.0163036 0.0250709
3 0.458871 0.381869 0.0303752 0.0492613
3 0.507376 0.382689 0.0266056 0.0436089
3 0.489074 0.410325 0.0298637 0.0536129
9 0.0961703 0.940605 0.0427903 0.116316
3 0.332186 0.264826 0.0176471 0.0307946
0 0.591126 0.424979 0.00972061 0.0450327
3 0.489279 0.275832 0.0164288 0.0255393
7 0.469572 0.86018 0.046464 0.173471
9 0.270788 0.408254 0.0140851 0.0345016
0 0.188538 0.421923 0.0101091 0.0492131
7 0.621803 0.587652 0.0493851 0.0844482
7 0.517464 0.412796 0.0224028 0.0599757
3 0.408436 0.188401 0.0115683 0.0170629
9 0.497548 0.473762 0.0131117 0.0391434
1 0.430231 0.390979 0.00962315 0.0306094
7 0.606566 0.646341 0.0457681 0.0909607
1 0.522693 0.610078 0.0160132 0.0522315
9 0.182855 0.570718 0.0159376 0.0484375
9 0.522735 0.625798 0.0180269 0.053904
9 0.430109 0.401815 0.00993106 0.0300388
3 0.486778 0.262602 0.0165431 0.0250148
1 0.317603 0.359218 0.008544 0.0246607
3 0.357773 0.224997 0.0144841 0.0199354
1 0.458455 0.321601 0.00744998 0.0260159
9 0.202464 0.510332 0.0155281 0.0452324
1 0.202643 0.4956 0.0138211 0.0439353
1 0.497572 0.462909 0.0124553 0.0381691
1 0.300795 0.365804 0.00888758 0.0322172
9 0.459836 0.450229 0.0109328 0.0351856
7 0.690747 0.425417 0.0537706 0.0578198
1 0.459662 0.439208 0.0106876 0.036528
9 0.314463 0.399221 0.0111645 0.0298601
0 0.582495 0.432481 0.00858898 0.0463207
9 0.458407 0.330896 0.00757497 0.0232408
1 0.183273 0.553997 0.0137905 0.0529257
1 0.270585 0.399596 0.0120979 0.0348017
0 0.666902 0.967357 0.0163729 0.0592997
1 0.314189 0.387628 0.0100078 0.0341917
9 0.444998 0.451589 0.0119251 0.035714
1 0.09628 0.916328 0.0281169 0.0954423
0 0.583815 0.388529 0.00980988 0.042995
0 0.637786 0.626585 0.0152781 0.0729557
0 0.459283 0.413103 0.0103253 0.0439875
1 0.487034 0.338235 0.00782662 0.0269733
0 0.620443 0.958675 0.0236427 0.0825229
9 0.515335 0.342861 0.010697 0.0249333
9 0.475962 0.47848 0.012884 0.0384628
6 0.332037 0.443659 0.0453544 0.0453533
1 0.444135 0.314693 0.00709496 0.0246568
9 0.317417 0.36958 0.00921879 0.0264971
3 0.417366 0.162207 0.00784302 0.0136965
1 0.620594 0.957826 0.0234823 0.0813921
1 0.599459 0.385234 0.00890198 0.0344398
1 0.104991 0.889662 0.0230672 0.0852427
9 0.300965 0.377668 0.00901203 0.0285794
